0       
0       
0       
0       
0       
0       
0       
0       
0       
0       
0       
0       
0       
0       
0       
0       
0       
0       
0       
0       
0       
0       
0       
0       
0       
0       
0       
0       
0       
0       
0       
0       
0       
0       
0       
0       
0       
0       
0       
0       
0       
0       
0       
0       
1       
1       
4       
7       
11      
11      
14      
14      
14      
14      
15      
17      
18      
19      
20      
21      
23      
24      
29      
31      
33      
35      
38      
38      
38      
40      
43      
44      
44      
44      
46      
47      
48      
50      
49      
46      
45      
46      
43      
43      
45      
46      
46      
46      
46      
46      
47      
47      
45      
45      
40      
38      
37      
37      
35      
37      
38      
39      
38      
38      
39      
40      
38      
38      
37      
36      
34      
36      
34      
33      
34      
36      
34      
34      
34      
34      
34      
34      
35      
35      
37      
39      
39      
41      
42      
42      
43      
43      
43      
40      
38      
38      
38      
37      
38      
38      
37      
37      
39      
38      
38      
38      
38      
36      
39      
41      
41      
40      
41      
42      
40      
40      
40      
39      
40      
40      
41      
42      
42      
41      
42      
43      
44      
44      
45      
47      
47      
48      
50      
51      
51      
52      
52      
54      
56      
57      
59      
58      
59      
61      
60      
59      
60      
63      
63      
62      
63      
61      
58      
55      
55      
54      
52      
52      
52      
52      
51      
52      
54      
53      
51      
49      
47      
49      
54      
56      
55      
55      
51      
50      
48      
45      
45      
45      
43      
40      
39      
41      
39      
41      
43      
43      
41      
42      
43      
44      
45      
45      
46      
45      
43      
43      
45      
49      
53      
50      
44      
40      
39      
38      
39      
38      
39      
39      
38      
39      
42      
42      
43      
45      
46      
45      
44      
46      
47      
46      
45      
44      
43      
43      
42      
40      
40      
41      
40      
38      
35      
35      
35      
37      
38      
38      
36      
36      
36      
39      
42      
41      
38      
37      
35      
32      
32      
35      
35      
35      
35      
36      
37      
36      
37      
37      
39      
43      
43      
41      
41      
40      
42      
42      
44      
43      
43      
43      
45      
46      
46      
43      
40      
41      
41      
43      
44      
45      
50      
48      
48      
49      
49      
49      
51      
52      
54      
54      
52      
50      
53      
55      
58      
151     
279     
1035    
1128    
2195    
3003    
3356    
4371    
5176    
5571    
5864    
6120    
6131    
6371    
6555    
6679    
7071    
7480    
7695    
7705    
7793    
7868    
7990    
8150    
8170    
8315    
8326    
8633    
8755    
9179    
9614    
9890    
10385   
10438   
10620   
10967   
10486   
10224   
10331   
10192   
9575    
9714    
10005   
10205   
10647   
10454   
11041   
11981   
12017   
11888   
12080   
12441   
12938   
13424   
13325   
13621   
13759   
13924   
14185   
13938   
14079   
14193   
14035   
13980   
13648   
13523   
12675   
12381   
11921   
11498   
11104   
10593   
11023   
10911   
10435   
10075   
9912    
10352   
9978    
9029    
9331    
10063   
10541   
10747   
10486   
10098   
10090   
9798    
9919    
9957    
10314   
11374   
12371   
12477   
12336   
12225   
12603   
13476   
13584   
14103   
14652   
14629   
14706   
14489   
14291   
14214   
14270   
14249   
13974   
13537   
13160   
13104   
12434   
11490   
10884   
10878   
11134   
11184   
11347   
11536   
11653   
11684   
11137   
10659   
10700   
11203   
11327   
11474   
11183   
11561   
12579   
11976   
12407   
13093   
13290   
14113   
14465   
14512   
14629   
14779   
14771   
14918   
15053   
15083   
15349   
15647   
15549   
15028   
14529   
14316   
14155   
13936   
13598   
13314   
13298   
13028   
11875   
11217   
11479   
11506   
11830   
10696   
10510   
10959   
10473   
10296   
10431   
10399   
9835    
10006   
10327   
10550   
10991   
10861   
11457   
12432   
12536   
12456   
12672   
12957   
13417   
13946   
13940   
14241   
14339   
14536   
14719   
14378   
14431   
14383   
14065   
13967   
13441   
13384   
12370   
12146   
11736   
11264   
10863   
10360   
10899   
10861   
10392   
10063   
9943    
10399   
10068   
9119    
9455    
10241   
10777   
11037   
10827   
10471   
10481   
10220   
10350   
10400   
10763   
11816   
12825   
13000   
12919   
12837   
13275   
13999   
14172   
14467   
14851   
14801   
14842   
14528   
14097   
13789   
13731   
13645   
13329   
12880   
12492   
12443   
11761   
10804   
10224   
10295   
10633   
10716   
10889   
11121   
11273   
11324   
10799   
10370   
10508   
11087   
11239   
11395   
11250   
11599   
11876   
11446   
10865   
10827   
10740   
10717   
10478   
10275   
10228   
10264   
10262   
10277   
10297   
10305   
10352   
10320   
10037   
9448    
8791    
8699    
8708    
8356    
7988    
7687    
7704    
7170    
5862    
4793    
4681    
4430    
4090    
3048    
2980    
3328    
5197    
6342    
7281    
8839    
9097    
9707    
9814    
9915    
10580   
11701   
11927   
12758   
13493   
13411   
13818   
14007   
14390   
15454   
16790   
17380   
17980   
18829   
19026   
19087   
19759   
20176   
20465   
21160   
21284   
21893   
21708   
21298   
19831   
18881   
19175   
19756   
20672   
20360   
20902   
21219   
21524   
21657   
21732   
21741   
21539   
21999   
21980   
22400   
23055   
21842   
21277   
21598   
21494   
21022   
21297   
21893   
22383   
23280   
23709   
23136   
23508   
23083   
23095   
23585   
23942   
24137   
22958   
20859   
19926   
19817   
19274   
19183   
18575   
17233   
17377   
16963   
16596   
17264   
17693   
17346   
17430   
18005   
17536   
17523   
17648   
17646   
17449   
16922   
17103   
17460   
17420   
17526   
17092   
18284   
19740   
19294   
20515   
21892   
21978   
22546   
22241   
23010   
23639   
23571   
24257   
25186   
25227   
25285   
25823   
25447   
24852   
24687   
24345   
25119   
25638   
24871   
24287   
23866   
24018   
24863   
23781   
23530   
24988   
26084   
26707   
27003   
27750   
28462   
27454   
25980   
27545   
28885   
29235   
28965   
28527   
28518   
28701   
29006   
28842   
29791   
29689   
29435   
29740   
29743   
29247   
28181   
27740   
28970   
29827   
29963   
30215   
30012   
30808   
30165   
28068   
27913   
27856   
26461   
24497   
24267   
24331   
24130   
23105   
21385   
21550   
21409   
21171   
21163   
20067   
19307   
19156   
17682   
17483   
18241   
19010   
19713   
19938   
20058   
19564   
18648   
18376   
18628   
18431   
18847   
19168   
18508   
19237   
18701   
18443   
18607   
18594   
19097   
18727   
18756   
18608   
19526   
20112   
19657   
20376   
20831   
20865   
21464   
22103   
22348   
22697   
21489   
21804   
23253   
24291   
24281   
24365   
24034   
23470   
23495   
23460   
22578   
21643   
22084   
21531   
21398   
21771   
21376   
22375   
22507   
21985   
22877   
23062   
21905   
20948   
21072   
20544   
19810   
20226   
19856   
19069   
19507   
19642   
20359   
18894   
16878   
15817   
15718   
15596   
15622   
16061   
16361   
16074   
16086   
15733   
16105   
17030   
16550   
16695   
16862   
15609   
14674   
14923   
14041   
13494   
13695   
13611   
13455   
13180   
13211   
12616   
11912   
11965   
11389   
10415   
9751    
9672    
9729    
9504    
9225    
9179    
9091    
8626    
7913    
7767    
7502    
7384    
6620    
5623    
5664    
4760    
4486    
4408    
4619    
4680    
4874    
4874    
5244    
5663    
6339    
7853    
8939    
9396    
9397    
9566    
9544    
10388   
12047   
13073   
13016   
13329   
14024   
15713   
16658   
16604   
16557   
16617   
16894   
17943   
18035   
18500   
18948   
20000   
22092   
23495   
23214   
22931   
22876   
23686   
24392   
25061   
24609   
23857   
23787   
23611   
24304   
24560   
25283   
26629   
27191   
27215   
27026   
26542   
26378   
24987   
24667   
25880   
26562   
26399   
26187   
25757   
25433   
26030   
27004   
25893   
25035   
24443   
24930   
26745   
28389   
28415   
27132   
26233   
26040   
25907   
25363   
25330   
25613   
26106   
25959   
24119   
22032   
21079   
21503   
22461   
23139   
23720   
23454   
22458   
22004   
23159   
24428   
24150   
25434   
25936   
25580   
26306   
26375   
27353   
27958   
26512   
25301   
25747   
27027   
27079   
27394   
26995   
26571   
26458   
26088   
25621   
25080   
24739   
24558   
24344   
24211   
24059   
23835   
23722   
23796   
24084   
24385   
23219   
22697   
24032   
24022   
22243   
22137   
22652   
22029   
20355   
19101   
18984   
19164   
18964   
18762   
19106   
18754   
18959   
19685   
20552   
20703   
20304   
20468   
20821   
20936   
20983   
20712   
19878   
18984   
18625   
18579   
18211   
17855   
17938   
18058   
18407   
19043   
19988   
19130   
17957   
17310   
17421   
17806   
17396   
17226   
17091   
16819   
16800   
17650   
18486   
18466   
17830   
18120   
18286   
18938   
19841   
19920   
20903   
22167   
22925   
22921   
22744   
22369   
22710   
23875   
25188   
24403   
23253   
22332   
21890   
22583   
24270   
25714   
25780   
27588   
29592   
29027   
28996   
29217   
29305   
29027   
28278   
27733   
27801   
27752   
28348   
27570   
27593   
28683   
28125   
26998   
26972   
28159   
29197   
29155   
30039   
30204   
28911   
29415   
28576   
29092   
30251   
30017   
28348   
26989   
27001   
25056   
24203   
24849   
24018   
23575   
22986   
23283   
23416   
23333   
23202   
22739   
22936   
23270   
22574   
22038   
21736   
22097   
22050   
23454   
24889   
25260   
25388   
25203   
25157   
24935   
25212   
24155   
23362   
22985   
24281   
25878   
25909   
25869   
24752   
24040   
23972   
23464   
23352   
22628   
22260   
22349   
22323   
22057   
21081   
20566   
20017   
19222   
19046   
18589   
18252   
15891   
13202   
12943   
11486   
10277   
10350   
9793    
9493    
9121    
8441    
8411    
7010    
5432    
5488    
5660    
5762    
6177    
6052    
7291    
9417    
10842   
10936   
11134   
11220   
11143   
11118   
11944   
13597   
15070   
15577   
15763   
16603   
17747   
17792   
19555   
21402   
21613   
21871   
22557   
24330   
25250   
25448   
25965   
26300   
27139   
27202   
27091   
27699   
27672   
27909   
28143   
28529   
28815   
28498   
29277   
29754   
30019   
30865   
30346   
29225   
28724   
28941   
28847   
27620   
26229   
26217   
24333   
22800   
23358   
23850   
23187   
22557   
22463   
22494   
23248   
23819   
22960   
22869   
22887   
23174   
24792   
26644   
26097   
23829   
22326   
22956   
22132   
21388   
21074   
20258   
20113   
20018   
19595   
19276   
19026   
20029   
22287   
24838   
26077   
25792   
25252   
24422   
24516   
24208   
24201   
23981   
22789   
22363   
22737   
22838   
22541   
22165   
20898   
19191   
18442   
18848   
18979   
18813   
19946   
21129   
21084   
22050   
22817   
22387   
22117   
21730   
22057   
21117   
18943   
16618   
16324   
16743   
17590   
19368   
19527   
22170   
25511   
27367   
27072   
26631   
27207   
27898   
28426   
28444   
29320   
31396   
33582   
34937   
35550   
35162   
34685   
34064   
34604   
34729   
34641   
35065   
35606   
36526   
36470   
36791   
37103   
37189   
36763   
37115   
36652   
35158   
34977   
31538   
27254   
25173   
25376   
25463   
25198   
24972   
24470   
24775   
24282   
22650   
20742   
18850   
18386   
19265   
18334   
18515   
18481   
17419   
16638   
17288   
17754   
16911   
17473   
17960   
18488   
19665   
20174   
19902   
20807   
21085   
21763   
22324   
22777   
23141   
23523   
24193   
23304   
22398   
22974   
22830   
21659   
21133   
21531   
23774   
24764   
24051   
25131   
24756   
24561   
24580   
24957   
24362   
23257   
23185   
22422   
21833   
21177   
19896   
18865   
18276   
16789   
16629   
16413   
16218   
15898   
15478   
14990   
14583   
15123   
15099   
15057   
14942   
15129   
16167   
16499   
14349   
12916   
13166   
13125   
12737   
14283   
16717   
17705   
17132   
17258   
17373   
17821   
18598   
19098   
18991   
18998   
19190   
19168   
19283   
19832   
20713   
22092   
23950   
25502   
25971   
25682   
25632   
25094   
24455   
24268   
23043   
21738   
21677   
21474   
21199   
20422   
20568   
18646   
16056   
14727   
14743   
14426   
14436   
14158   
13146   
12447   
12498   
12481   
12268   
12198   
11673   
10543   
9297    
7864    
6143    
4578    
3922    
3922    
4493    
5521    
5920    
5928    
6113    
7586    
9035    
9285    
9781    
9901    
9746    
10308   
11537   
12312   
12385   
12903   
14548   
16322   
16988   
17292   
17511   
17951   
19254   
20690   
21304   
22464   
25153   
27421   
27553   
28652   
29191   
29233   
28771   
28242   
28086   
29046   
30786   
31364   
31438   
32688   
33036   
32543   
33578   
33874   
32863   
32787   
32882   
34032   
34174   
32806   
32941   
33869   
34324   
33970   
32923   
31863   
31729   
30969   
28308   
26081   
25821   
24909   
24519   
24250   
24786   
25530   
26707   
26749   
24880   
23266   
22309   
21220   
20233   
20862   
20423   
19548   
19952   
19811   
19691   
18733   
17500   
17233   
16629   
15327   
14949   
15818   
16004   
16475   
17218   
17078   
19359   
22081   
23614   
23595   
23384   
23817   
23406   
22179   
21245   
21275   
21713   
21490   
21222   
20789   
20736   
20493   
20122   
20932   
21789   
22104   
22219   
21660   
21098   
21283   
22081   
22215   
22457   
21590   
22357   
22556   
21533   
21633   
20418   
19484   
18485   
19246   
20046   
19824   
20016   
20823   
20365   
20150   
19915   
20424   
20599   
21297   
22480   
22437   
22324   
22053   
21911   
22010   
21842   
22604   
23793   
24544   
24415   
24716   
24419   
24394   
23984   
24107   
23920   
24934   
24733   
23510   
23632   
24020   
25557   
26286   
26314   
25723   
27240   
27128   
27597   
27350   
28156   
29144   
28146   
29465   
30342   
29799   
28478   
27781   
27912   
27865   
27480   
26913   
26712   
26680   
26252   
26210   
25563   
24600   
25755   
25542   
24871   
25665   
26002   
24808   
23043   
22729   
22986   
23247   
22148   
23018   
23404   
22984   
22383   
21055   
21037   
19608   
18676   
19264   
20241   
21114   
21924   
21455   
20564   
19791   
19083   
18680   
18884   
19390   
20240   
20769   
19717   
19436   
20074   
19615   
20330   
22071   
22260   
21809   
21273   
21984   
22127   
21909   
23069   
24081   
23985   
24562   
24355   
24742   
25137   
24864   
24110   
22961   
22120   
21798   
22298   
23141   
23809   
24024   
23884   
23534   
22605   
22361   
22690   
21976   
21883   
21829   
21024   
20123   
20578   
21678   
21825   
20778   
20326   
18989   
16513   
15413   
14748   
13943   
14082   
13650   
13433   
13395   
13244   
13150   
13133   
13158   
12629   
11874   
11362   
11195   
11115   
10941   
10939   
10604   
10261   
10098   
9389    
8517    
7698    
6795    
5634    
4473    
4109    
3964    
3889    
4300    
4448    
5434    
7010    
7620    
8348    
9775    
10449   
10257   
10794   
11485   
11522   
12250   
13413   
13601   
14170   
14203   
15584   
17102   
17154   
17456   
18114   
19828   
20065   
21381   
22268   
22552   
22825   
26230   
31140   
33815   
33784   
33937   
34332   
34252   
32715   
32961   
32961   
31827   
31265   
31424   
30796   
30145   
30310   
29716   
28953   
29484   
28942   
29249   
28081   
27186   
27765   
27814   
28726   
28597   
29135   
28594   
29092   
30171   
30262   
27167   
22835   
20155   
20285   
19645   
19810   
20258   
21285   
20311   
20316   
20605   
20372   
20357   
21251   
22308   
22343   
22501   
22530   
22091   
22229   
21814   
22477   
22715   
22045   
22273   
21316   
20668   
21440   
21827   
21279   
22460   
23752   
23469   
23411   
23780   
24047   
24485   
24230   
23587   
23205   
23885   
24210   
23716   
24984   
24847   
25683   
25983   
26233   
27259   
27298   
27249   
26927   
27225   
26396   
26415   
27558   
26913   
27693   
28895   
27849   
28124   
28699   
26806   
27018   
27146   
28465   
29167   
29675   
30239   
31109   
32841   
32865   
33176   
32590   
33137   
33179   
34250   
33314   
32382   
32078   
31485   
31648   
31643   
31815   
31465   
31871   
31170   
30617   
31188   
30105   
29093   
28549   
28295   
27718   
27373   
26040   
26056   
25158   
24754   
24595   
25042   
24985   
22565   
22587   
21749   
21637   
20939   
19940   
18776   
19249   
20550   
21069   
20741   
21049   
21417   
21498   
21568   
21206   
21405   
21510   
21454   
21203   
20371   
21029   
20815   
21056   
21330   
20668   
20514   
20817   
22117   
22406   
21659   
22010   
22834   
22038   
22268   
23010   
23986   
23603   
24043   
22736   
21583   
21225   
21035   
20790   
20596   
20432   
20618   
21310   
21740   
21310   
20972   
21196   
21230   
20981   
20310   
19545   
20230   
21732   
22500   
21733   
20236   
19427   
19105   
18500   
18608   
19276   
19304   
18067   
17476   
17427   
18248   
19953   
19808   
20173   
20210   
20552   
21473   
21758   
21813   
21118   
20712   
21154   
21736   
22106   
21824   
22772   
24495   
25702   
24924   
23401   
22544   
22067   
21544   
21359   
21161   
20225   
19304   
18633   
18310   
18380   
17833   
17855   
16684   
15020   
14553   
13805   
13468   
12420   
11076   
10859   
10685   
10613   
10153   
9569    
8887    
8212    
8211    
6853    
4750    
3263    
2797    
3720    
4338    
5961    
7489    
8206    
9549    
9964    
10490   
11351   
11721   
12129   
13878   
15798   
16516   
16914   
17210   
17975   
19234   
19843   
19793   
19729   
20129   
21558   
23212   
23644   
24079   
24723   
24759   
24731   
25314   
26380   
27219   
26529   
26270   
25390   
24509   
23927   
22480   
22314   
22120   
21740   
21984   
22358   
21368   
19723   
18942   
18571   
18515   
18258   
17504   
17188   
17479   
17556   
17323   
16611   
15004   
16064   
17474   
17012   
18684   
20202   
20503   
22287   
23977   
24752   
24522   
24438   
24964   
25340   
25802   
26923   
27902   
28049   
27302   
26655   
26010   
25883   
26317   
26497   
26491   
26324   
26007   
26635   
27322   
27594   
27594   
27675   
28689   
27514   
25833   
26291   
25438   
25182   
25799   
23781   
21134   
20370   
20317   
19918   
19483   
19679   
19525   
18338   
17899   
18973   
20794   
21720   
21910   
22008   
21919   
21961   
22942   
23910   
24185   
23779   
23562   
23437   
23133   
22390   
21436   
21235   
20916   
20756   
20827   
19691   
19525   
20399   
20954   
21266   
21203   
22252   
22955   
22212   
22628   
22683   
22515   
21919   
21077   
20800   
21205   
20980   
20961   
20676   
20379   
20402   
21024   
21086   
20753   
21024   
21881   
22698   
23026   
22980   
23435   
23103   
22121   
21960   
20713   
19453   
19616   
19059   
20456   
21369   
21679   
22368   
21761   
21595   
21125   
20332   
19541   
18758   
18400   
18646   
18614   
19156   
18941   
17791   
17314   
17653   
17713   
17223   
16862   
17182   
18030   
18401   
18160   
18737   
19746   
20491   
20500   
20400   
20139   
20172   
19412   
17803   
16300   
16712   
17396   
18086   
20140   
21493   
21976   
24106   
25358   
25127   
24961   
24986   
25027   
24815   
24651   
23861   
24173   
24643   
24116   
23057   
21857   
21453   
21265   
20495   
19783   
19301   
19757   
21173   
22838   
23546   
23610   
23754   
23760   
23112   
22526   
22716   
21066   
19563   
19288   
17753   
16428   
16886   
17858   
18671   
19445   
20532   
20169   
20446   
19967   
20675   
21620   
21795   
22404   
22230   
22267   
23045   
23949   
23719   
24463   
23636   
22049   
23257   
25909   
26598   
26687   
26210   
26145   
25550   
25216   
25069   
24810   
24113   
24088   
23792   
22782   
21391   
19879   
18826   
18835   
18460   
18175   
16966   
16099   
15822   
15179   
15225   
15200   
14508   
13489   
13588   
12381   
11459   
10998   
9021    
5680    
4224    
4239    
4821    
4620    
4849    
5099    
5179    
5201    
5988    
6890    
7243    
7248    
7300    
8154    
9544    
10212   
10661   
11690   
12392   
12866   
13317   
13422   
14884   
16983   
17931   
18360   
19321   
19439   
19660   
19543   
19690   
20462   
22338   
23103   
23368   
25682   
26853   
26651   
26779   
26821   
26770   
26301   
25798   
26169   
26994   
26830   
25475   
25655   
26205   
25589   
24898   
24851   
25278   
25667   
24387   
22589   
21553   
20965   
20786   
22185   
22744   
23174   
23818   
23078   
22205   
21929   
21242   
18938   
17522   
18425   
20366   
22135   
21923   
22187   
23577   
24274   
23881   
23536   
24501   
24465   
23723   
24811   
26044   
25752   
26188   
26554   
26395   
26169   
27655   
29629   
29128   
29056   
29849   
29508   
29869   
30543   
29759   
29171   
29553   
30761   
30782   
30862   
31196   
31047   
30632   
31263   
31343   
31126   
31479   
31985   
30971   
31293   
32470   
31521   
30486   
31748   
32818   
33374   
33817   
34973   
33912   
32415   
32903   
32559   
32345   
33194   
32503   
33194   
34179   
34252   
33694   
32756   
32903   
31802   
30206   
30368   
31899   
30524   
29954   
30402   
30842   
30794   
30783   
30108   
28941   
28637   
28506   
27723   
26303   
25030   
24961   
23976   
25222   
26491   
25783   
25696   
25166   
24526   
24615   
24413   
24087   
24365   
25851   
26297   
26277   
26742   
26088   
25268   
24874   
25583   
24989   
23708   
22854   
22115   
22974   
23257   
23039   
23332   
23268   
23693   
23973   
24731   
25096   
25288   
24075   
23851   
24646   
24407   
25436   
26166   
26399   
26726   
27005   
27037   
26305   
26640   
26959   
26557   
26295   
25277   
24475   
24700   
26203   
28530   
30629   
32515   
32465   
31944   
32600   
32286   
32502   
31550   
30940   
31203   
31381   
31530   
31789   
31102   
30429   
29925   
28346   
27508   
27472   
26778   
26622   
27146   
27476   
27130   
26569   
26307   
26304   
26316   
26474   
26340   
25167   
22802   
20343   
18742   
18513   
18455   
17743   
17559   
17250   
17782   
18286   
17646   
16877   
16411   
17083   
17753   
17431   
18345   
18806   
18849   
18508   
17690   
16756   
15656   
14519   
13743   
13458   
13431   
13450   
13308   
12717   
11708   
11007   
10977   
10917   
10584   
9995    
9778    
9837    
9877    
9959    
9353    
8228    
7692    
7602    
7487    
6069    
4617    
4654    
3476    
2653    
2745    
2817    
2784    
3833    
4910    
5406    
7189    
8363    
8689    
9808    
10208   
10942   
12206   
13148   
13505   
13605   
13912   
13914   
14221   
14196   
14574   
14727   
15550   
16907   
17076   
18383   
19917   
20243   
20879   
21617   
21742   
21956   
22303   
22642   
23205   
22568   
22157   
22642   
21473   
20335   
20197   
19086   
18837   
18511   
17295   
17025   
17491   
17828   
17895   
18727   
19035   
19351   
19771   
19695   
19480   
18638   
18455   
17039   
15639   
15434   
15478   
15319   
15122   
14973   
15083   
15106   
14596   
15201   
15439   
14500   
14648   
15611   
16297   
17070   
17762   
18349   
19548   
20406   
21454   
22862   
23518   
22863   
22345   
22579   
22141   
22516   
23166   
23510   
23551   
24040   
24251   
24432   
23710   
23828   
25061   
25580   
25387   
25495   
25560   
24862   
23896   
24120   
23624   
23800   
24074   
23325   
23408   
23089   
22299   
22115   
21681   
20939   
20563   
20570   
20735   
20427   
20368   
20865   
20002   
19766   
20604   
20258   
19892   
20484   
21498   
20988   
20714   
20196   
20989   
20729   
21201   
21045   
22183   
22835   
23231   
22850   
22426   
23634   
22920   
23077   
23245   
23160   
22313   
23472   
23094   
25575   
27297   
28674   
31628   
31663   
32909   
34252   
34267   
34553   
34823   
34168   
33725   
33735   
33915   
34541   
33677   
34190   
34613   
35222   
34754   
34264   
33910   
33470   
32978   
31965   
32376   
32166   
32592   
33364   
35240   
34471   
34328   
31776   
30672   
29753   
26731   
26515   
24924   
23350   
22682   
23803   
25680   
27245   
27586   
27387   
26725   
26460   
25940   
25173   
24657   
24464   
24721   
25485   
26252   
26454   
26387   
26303   
25847   
25455   
25575   
25058   
23033   
22757   
24119   
24278   
25356   
25861   
26346   
27002   
27087   
27424   
27484   
25982   
24566   
24254   
23789   
24810   
25163   
25304   
26329   
26159   
26980   
27323   
26544   
25513   
24888   
24405   
25222   
26217   
26567   
26464   
25597   
24217   
24300   
24576   
24781   
25759   
24295   
23337   
23704   
23802   
24651   
23944   
24414   
24822   
24114   
22622   
22797   
22919   
22908   
22327   
21746   
21490   
20784   
20076   
20177   
20149   
19753   
19688   
18697   
17540   
17041   
16914   
16671   
16573   
15978   
14740   
13376   
12250   
11821   
11568   
10508   
9111    
8100    
8088    
7322    
6977    
6950    
7000    
6496    
5355    
4622    
4827    
4624    
4675    
4047    
4075    
4601    
5596    
6961    
8124    
8878    
9464    
9951    
10178   
10277   
10558   
10727   
10724   
10982   
11579   
12101   
12319   
12305   
12400   
12349   
12894   
13777   
14300   
14592   
14818   
14871   
15078   
15576   
15574   
15989   
17103   
17946   
17929   
17139   
16245   
15634   
16118   
17946   
20334   
22006   
22334   
22594   
22341   
23368   
24010   
24048   
24603   
23991   
25127   
25877   
26261   
27408   
27138   
26400   
26799   
27770   
27515   
28488   
29044   
28809   
29012   
29274   
30196   
31153   
31566   
31556   
31334   
30544   
29161   
27376   
25393   
23864   
23574   
